epoch,acc,loss,val_acc,val_loss
0,0.13803475935828877,4.1246290308906435,0.3043853591160221,2.9094734389478991
1,0.44431398860442883,2.1396842840252925,0.39274557445331482,2.4142033710367188
2,0.62277759141227773,1.3948753175220405,0.42259632072197156,2.2433464450995073
3,0.73616236166360594,0.94976130110911172,0.43786879555709823,2.2215880021913232
4,0.82690372358269038,0.65103952179255797,0.43891010065949321,2.2806619883038772
5,0.88544112709855438,0.44870648496865184,0.45262061784102742,2.3089079675638025
6,0.92116739345212706,0.32654439071327679,0.47431447414092331,2.237703192853671
7,0.94649446496464429,0.23504628348534479,0.46910794862894828,2.3561554472713744
8,0.96108688355611904,0.18057614224983198,0.47171121138493577,2.4187031593076762
9,0.97047970479704793,0.13289505237302937,0.46355432141617492,2.4585911199807375
