epoch,acc,loss,val_acc,val_loss
0,0.1854946524064171,3.8629500508945895,0.34944751381215472,2.5056360255288816
1,0.52918483730791721,1.7968323792998562,0.45973620270739329,2.0737645354216316
2,0.70848708487584744,1.0960797994819034,0.48889274557445334,1.9101047341255049
3,0.80358939953035891,0.72483049955435219,0.50277681360638671,1.9269625626682862
4,0.87336464277732617,0.46511166006156718,0.53488372093023251,1.8499366533669364
5,0.92670244886266506,0.30313425782301889,0.55154460256855253,1.8396874255746738
6,0.95806776251580161,0.19848093659395502,0.52880944116626172,1.9523557651295342
7,0.96410600465642093,0.16694228408601372,0.54529677195418258,1.9342620585453838
8,0.98087889969808784,0.11126801436307725,0.55275945852134678,1.9231843478313051
9,0.98037571280804792,0.10905805967950613,0.52811523776466507,2.0939802696041991
